.Random.seed <-
c(403L, 10L, 882781225L, -246215717L, 107278570L, -2027807092L, 
-832298545L, 1063892357L, 304434748L, -1509702894L, 591962125L, 
1453458247L, -44811986L, -1606750072L, -997157493L, 897879401L, 
1215364920L, -1116151322L, -979241599L, 1776494867L, -1297684798L, 
1066008948L, 1647958391L, -1781601683L, -1516985084L, 507723818L, 
-1826841195L, -1335041489L, 1670278966L, -1426624672L, -100575837L, 
-110469439L, -2125736272L, -294006322L, -522951L, -690857653L, 
-753358086L, -1987703812L, 1594829887L, -1932561131L, -300294612L, 
-1212816638L, 1189093341L, -1040409897L, 1244468670L, -505614344L, 
496315355L, 1152927289L, 1959030664L, 201010998L, 1484352881L, 
103450531L, 1449316082L, -1318709692L, 970201351L, -491667235L, 
995329492L, -1708041990L, 685064261L, 1438492831L, 881685030L, 
-1003665744L, 1919986515L, 249284209L, 1186261920L, -140477634L, 
1911865929L, 1675671291L, -998029622L, -1099859924L, 976789551L, 
161603813L, 324569500L, 1328280562L, -1374933395L, 1114610599L, 
1875011022L, 562877224L, -651134677L, 484393801L, 847128664L, 
-508834554L, 1333397729L, 898359411L, 106069218L, -609047468L, 
2028081495L, 782725453L, -1169439516L, -2056628022L, -685263563L, 
-1189536881L, -1738579818L, -1860042688L, 334604547L, 1151534369L, 
1234863632L, 20739566L, 1534273945L, -202676693L, -5345510L, 
-2121386532L, -296313889L, 420441013L, -119941812L, -1140726878L, 
1959316221L, 1082438647L, 1076366622L, 1340420056L, 53223739L, 
-178112807L, -387896728L, 1145453462L, 721592081L, 635816131L, 
-2072667950L, -314532508L, 384770215L, 1850258941L, 288352244L, 
1635938522L, -109510107L, 837984063L, -531993402L, 1709351248L, 
-1118310029L, -1104086127L, -314167872L, 920577950L, -1268237975L, 
-1625204325L, 999369898L, 498498252L, 1109558159L, 463501253L, 
1993472892L, -1696480302L, 1181619021L, 137318919L, -1871547922L, 
314805448L, 771130315L, 396002857L, 2055359608L, -1282586202L, 
1097001921L, -603215789L, -206979326L, 416492084L, 1842954167L, 
1705099181L, -2081137468L, 1755648234L, 1764951893L, -1831954193L, 
-1987424522L, 1402173984L, 1054863331L, -1654881151L, -698920208L, 
-2121008754L, -1172859143L, -1449827189L, -1822356294L, -2099755076L, 
1349481727L, 292673621L, -591369364L, 1035142082L, -29604835L, 
298169495L, -2005122562L, -118734408L, -1820897893L, -2066607111L, 
638966600L, 2129409654L, -310923343L, 1958400483L, -1051961678L, 
-549491964L, -1313990585L, -790196451L, -2092853868L, 1538242874L, 
1194452357L, 1218063967L, -48531226L, -951600272L, 1065114771L, 
51956017L, 726208480L, -881003394L, 1206302473L, -514885317L, 
1635753226L, -1185032980L, -1047608977L, 348653221L, 1461540956L, 
1343320114L, -835836115L, -342645273L, -38987506L, 1072692968L, 
-1773465365L, -1018654327L, -1304030952L, -147872698L, 1470508193L, 
110408499L, -34039134L, -336236140L, -1621573609L, 1684477965L, 
1965968676L, 1064139018L, -908767115L, 1247919055L, 1458662614L, 
503946368L, 1226605251L, -901125023L, -1282159408L, 1217519150L, 
-81813543L, -587251733L, 1032574554L, -286220580L, -1717211310L, 
-1415694720L, -1412966316L, 1922933736L, 1809668858L, -1079917232L, 
-1996181716L, -806435980L, 1741124498L, 1100456544L, -1606207604L, 
171685728L, 991540194L, -1076139096L, -1196196660L, 77117948L, 
261957554L, 603895280L, 1473058244L, -1969624744L, -2035999366L, 
2089033136L, 1247081404L, 884686932L, -129003582L, -2073571296L, 
-47763268L, 1704921680L, -649783326L, 1844723304L, -987197876L, 
1467326716L, -395515918L, 657917184L, -846703756L, -729526264L, 
-585887302L, 1651174864L, -889080852L, -897168492L, -301749294L, 
-956749984L, -671923892L, -1168142048L, 582107010L, -1786763544L, 
870914284L, -1976101316L, 1840477042L, -1911184L, -2025913308L, 
-42057928L, -1324517222L, -107405616L, -660366148L, -1239856492L, 
632787586L, -1698381632L, -901221060L, -179537776L, 1925420578L, 
-1268526584L, -1294738164L, -1950166372L, 1689355794L, 1910704512L, 
-1697269228L, -617329112L, 982028602L, -829965360L, 467893868L, 
376238900L, 970560146L, -289880736L, 252886348L, 249934816L, 
1014828962L, -2017714264L, -812587124L, -412702020L, 286135154L, 
-524195600L, -528726972L, -1352530600L, 373055546L, 650408816L, 
-895388612L, 1843297044L, -1278409278L, 249887968L, -1991581828L, 
-193603888L, 150137506L, -1495579608L, 665989388L, -600491076L, 
-1781342926L, 1668466624L, -912574924L, 984662984L, 1810136250L, 
749559696L, -1452162580L, -1827204012L, 1896958610L, -720934112L, 
391588300L, -858426400L, -11366718L, 1805538856L, 397692588L, 
-866124100L, 1915470322L, 1389949232L, -1605105500L, -1791935816L, 
1629206362L, -1218065008L, 91135356L, 654313748L, 1233093954L, 
1955681024L, 2049295292L, 1371763536L, -1315381982L, 1310689608L, 
328457228L, 1796314204L, -635108142L, -132254720L, 1081960276L, 
-761964056L, 1791763450L, -946019632L, -399061716L, -275692300L, 
1015305106L, 350426208L, 1268119820L, -1761250592L, 52116834L, 
-1640352088L, -647406004L, -1650306180L, -1913282766L, 1650608752L, 
742732100L, -472307752L, 781268090L, 1647053360L, 1770067644L, 
-189085868L, -846219710L, 1438439328L, 402638012L, -393621040L, 
-1212518046L, 1141739496L, -1345358900L, 1048393468L, -89623566L, 
1409043584L, -907327244L, -1751768952L, 1703473466L, 2043087696L, 
177885292L, 2117151892L, 1069847890L, 370211552L, -207881012L, 
176841888L, -1816967806L, -3402520L, 877667564L, 1280944188L, 
1360571506L, 2034961520L, -1384115676L, 2101098040L, -711384550L, 
1246022864L, 573820476L, -714749804L, 1650881666L, 865940416L, 
-1694283460L, -205844848L, 1807914018L, -1729576952L, -820722548L, 
-1674347492L, -1491038062L, -1202480000L, -1830482924L, 1736714024L, 
1024823354L, -1818011440L, 1384349804L, 555472564L, -415761390L, 
914871264L, 1072571340L, 2040482272L, -741140446L, 393956648L, 
-704003828L, -1434238404L, 768764146L, 2019028208L, -703996092L, 
559479896L, 1508605498L, -51160848L, 1190086332L, 2061672980L, 
128656578L, -73672096L, 1832018300L, -1057481520L, -267931614L, 
757675176L, 1217261964L, 1451782588L, -958927822L, -1110454464L, 
-1103567756L, 432086789L, -1979994801L, 584658760L, 966936294L, 
-686831597L, -1174311051L, 75317074L, -1307699296L, -1302138231L, 
1651242683L, 259101964L, 2079635610L, -1802994161L, -22267303L, 
1813845742L, 1176569212L, -1889802771L, 2069627543L, -1144930976L, 
-929527490L, 315159051L, 1127474829L, -904983622L, 2139529720L, 
1743277473L, -1301732525L, 1541884532L, 901483522L, 237903511L, 
1644685409L, 571073702L, 1454920868L, 717845845L, 837434879L, 
1351251096L, -1982307914L, 1728371267L, 912850821L, 1625488418L, 
-930681072L, 812214969L, -575234197L, 767696476L, -331512950L, 
-1046537345L, -1723873591L, -1094152354L, -380259316L, -824994851L, 
-1645447449L, 977467152L, -683940306L, 1460616411L, -2025229891L, 
1347809066L, -365963320L, -945124111L, -2110987677L, 1292486244L, 
-1939780206L, -500323737L, -616619471L, 2114137974L, -134769516L, 
-1937356123L, 343107503L, 1538430056L, -1071146938L, -457937421L, 
-1236063915L, -490415310L, 690077440L, -1993765911L, -1999014309L, 
-1282701140L, 1886314170L, -1292133265L, -1341089287L, 1221786766L, 
-1626999460L, -615217715L, -1411561161L, 1282528192L, -266752866L, 
-1470574229L, 702253293L, 1806283098L, 2043431448L, 1524586369L, 
1262556467L, 214735700L, -1583878814L, -283537929L, -483695039L, 
-1412865338L, -278965244L, 1329963957L, 834272415L, 1253234936L, 
102895830L, -1148888733L, 394884389L, 1823412930L, -1918509136L, 
-1653464103L, -805753525L, -2084353092L, -1558031382L, 869602335L, 
425136809L, -426011074L, -1669854420L, -2044426883L, 2043661255L, 
1406368432L, -1308628786L, -187203077L, -841526691L, -292401782L, 
1908184488L, -1244906735L, 1904548355L, -2099516156L, 1194125618L, 
1267201927L, 690415057L, -1971071146L, 1003021620L, 963095621L, 
-255568753L, -628227576L, -2104459738L, -852441389L, -530565067L, 
1178834834L, -796104864L, -1925913911L, 538076667L, -1960144436L, 
-783001510L, -2097732273L, -359125991L, 1002091054L, -1296158660L, 
